50.0
154.2535488750293
63
100
200
2
10
1
8
841.0
137.1793720205599
123
100
177
3
7
0
10
-20.0,1.0,2.0,3.0,4.0,5.0,6.0,7.0,8.0,9.0,10.0,11.0,12.0,13.0,14.0,15.0,16.0,17.0,18.0,19.0,20.0,21.0,22.0,23.0,24.0,25.0,26.0,27.0,28.0,29.0,30.0,31.0,32.0,33.0,34.0,35.0,36.0,37.0,38.0,39.0,40.0,41.0,42.0,43.0,44.0,45.0,46.0,47.0,48.0,49.0,50.0,51.0,52.0,53.0,54.0,55.0,56.0,57.0,58.0,59.0,60.0,61.0,62.0,63.0,64.0,65.0,66.0,67.0,68.0,69.0,70.0,71.0,72.0,73.0,74.0,75.0,76.0,77.0,78.0,79.0,80.0,81.0,82.0,83.0,84.0,85.0,86.0,87.0,88.0,89.0,90.0,91.0,92.0,93.0,94.0,95.0,96.0,97.0,98.0,99.0,100.0,101.0,102.0,103.0,104.0,105.0,106.0,107.0,108.0,109.0,110.0,111.0,112.0,113.0,114.0,115.0,116.0,117.0,118.0,119.0,120.0,121.0,122.0,123.0,124.0,125.0,126.0,127.0,128.0,129.0,130.0,131.0,132.0,133.0,134.0,135.0,136.0,137.0,138.0,139.0,140.0,141.0,142.0,143.0,144.0,145.0,146.0,147.0,148.0,149.0,150.0,151.0,152.0,153.0,154.0,155.0,156.0,157.0,158.0,159.0,160.0,161.0,162.0,163.0,164.0,165.0,166.0,167.0,168.0,169.0,170.0,171.0,172.0,173.0,174.0,175.0,176.0,177.0,178.0,179.0,180.0,181.0,182.0,183.0,184.0,185.0,186.0,187.0,188.0,189.0,190.0,191.0,192.0,193.0,194.0,195.0,196.0,197.0,198.0,199.0,200.0,201.0,202.0,203.0,204.0,205.0,206.0,207.0,208.0,209.0,210.0,211.0,212.0,213.0,214.0,215.0,216.0,217.0,218.0,219.0,220.0,221.0,222.0,223.0,224.0,225.0,226.0,227.0,228.0,229.0,230.0,231.0,232.0,233.0,234.0,235.0,236.0,237.0,238.0,239.0,240.0,241.0,242.0,243.0,244.0,245.0,246.0,247.0,248.0,249.0,250.0,251.0,252.0,253.0,254.0,255.0,256.0,257.0,258.0,259.0,260.0,261.0,262.0,263.0,264.0,265.0,266.0,267.0,268.0,269.0,270.0,271.0,272.0,273.0,274.0,275.0,276.0,277.0,278.0,279.0,280.0,281.0,282.0,283.0,284.0,285.0,286.0,287.0,288.0,289.0,290.0,291.0,292.0,293.0,294.0,295.0,296.0,297.0,298.0,299.0,300.0,301.0,302.0,303.0,304.0,305.0,306.0,307.0,308.0,309.0,310.0,311.0,312.0,313.0,314.0,315.0,316.0,317.0,318.0,319.0,320.0,321.0,322.0,323.0,324.0,325.0,326.0,327.0,328.0,329.0,330.0,331.0,332.0,333.0,334.0,335.0,336.0,337.0,338.0,339.0,340.0,341.0,342.0,343.0,344.0,345.0,346.0,347.0,348.0,349.0,350.0,351.0,352.0,353.0,354.0,355.0,356.0,357.0,358.0,359.0,360.0,361.0,362.0,363.0,364.0,365.0,366.0,367.0,368.0,369.0,370.0,371.0,372.0,373.0,374.0,375.0,376.0,377.0,378.0,379.0,380.0,381.0,382.0,383.0,384.0,385.0,386.0,387.0,388.0,389.0,390.0,391.0,392.0,393.0,394.0,395.0,396.0,397.0,398.0,399.0,400.0,401.0,402.0,403.0,404.0,405.0,406.0,407.0,408.0,409.0,410.0,411.0,412.0,413.0,414.0,415.0,416.0,417.0,418.0,419.0,420.0,421.0,422.0,423.0,424.0,425.0,426.0,427.0,428.0,429.0,430.0,431.0,432.0,433.0,434.0,435.0,436.0,437.0,438.0,439.0,440.0,441.0,442.0,443.0,444.0,445.0,446.0,447.0,448.0,449.0,450.0,451.0,452.0,453.0,454.0,455.0,456.0,457.0,458.0,459.0,460.0,461.0,462.0,463.0,464.0,465.0,466.0,467.0,468.0,469.0,470.0,471.0,472.0,473.0,474.0,475.0,476.0,477.0,478.0,479.0,480.0,481.0,482.0,483.0,484.0,485.0,486.0,487.0,488.0,489.0,490.0,491.0,492.0,493.0,494.0,495.0,496.0,497.0,498.0,499.0,500.0,501.0,502.0,503.0,504.0,505.0,506.0,507.0,508.0,509.0,510.0,511.0,512.0,513.0,514.0,515.0,516.0,517.0,518.0,519.0,520.0,521.0,522.0,523.0,524.0,525.0,526.0,527.0,528.0,529.0,530.0,531.0,532.0,533.0,534.0,535.0,536.0,537.0,538.0,539.0,540.0,541.0,542.0,543.0,544.0,545.0,546.0,547.0,548.0,549.0,550.0,551.0,552.0,553.0,554.0,555.0,556.0,557.0,558.0,559.0,560.0,561.0,562.0,563.0,564.0,565.0,566.0,567.0,568.0,569.0,570.0,571.0,572.0,573.0,574.0,575.0,576.0,577.0,578.0,579.0,580.0,581.0,582.0,583.0,584.0,585.0,586.0,587.0,588.0,589.0,590.0,591.0,592.0,593.0,594.0,595.0,596.0,597.0,598.0,599.0,600.0,601.0,602.0,603.0,604.0,605.0,606.0,607.0,608.0,609.0,610.0,611.0,612.0,613.0,614.0,615.0,616.0,617.0,618.0,619.0,620.0,621.0,622.0,623.0,624.0,625.0,626.0,627.0,628.0,629.0,630.0,631.0,632.0,633.0,634.0,635.0,636.0,637.0,638.0,639.0,640.0,641.0,642.0,643.0,644.0,645.0,646.0,647.0,648.0,649.0,650.0,651.0,652.0,653.0,654.0,655.0,656.0,657.0,658.0,659.0,660.0,661.0,662.0,663.0,664.0,665.0,666.0,667.0,668.0,669.0,670.0,671.0,672.0,673.0,674.0,675.0,676.0,677.0,678.0,679.0,680.0,681.0,682.0,683.0,684.0,685.0,686.0,687.0,688.0,689.0,690.0,691.0,692.0,693.0,694.0,695.0,696.0,697.0,698.0,699.0,700.0,701.0,702.0,703.0,704.0,705.0,706.0,707.0,708.0,709.0,710.0,711.0,712.0,713.0,714.0,715.0,716.0,717.0,718.0,719.0,720.0,721.0,722.0,723.0,724.0,725.0,726.0,727.0,728.0,729.0,730.0,731.0,732.0,733.0,734.0,735.0,736.0,737.0,738.0,739.0,740.0,741.0,742.0,743.0,744.0,745.0,746.0,747.0,748.0,749.0,750.0,751.0,752.0,753.0,754.0,755.0,756.0,757.0,758.0,759.0,760.0,761.0,762.0,763.0,764.0,765.0,766.0,767.0,768.0,769.0,770.0,771.0,772.0,773.0,774.0,775.0,776.0,777.0,778.0,779.0,780.0,781.0,782.0,783.0,784.0,785.0,786.0,787.0,788.0,789.0,790.0,791.0,792.0,793.0,794.0,795.0,796.0,797.0,798.0,799.0,800.0,801.0,802.0,803.0,804.0,805.0,806.0,807.0,808.0,809.0,810.0,811.0,812.0,813.0,814.0,815.0,816.0,817.0,818.0,819.0,820.0,821.0,822.0,823.0,824.0,825.0,826.0,827.0,828.0,829.0,830.0,831.0,832.0,833.0,834.0,835.0,836.0,837.0,838.0,839.0,840.0,841.0,842.0,843.0,844.0,845.0,846.0,847.0,848.0,849.0,850.0,851.0,852.0,853.0,854.0,855.0,856.0,857.0,858.0,859.0,860.0,861.0,862.0,863.0,864.0,865.0,866.0,867.0,868.0,869.0,870.0,871.0,872.0,873.0,874.0,875.0,876.0,877.0,878.0,879.0,880.0,881.0,882.0,883.0,884.0,885.0,886.0,887.0,888.0,889.0,890.0,891.0,892.0,893.0,894.0,895.0,896.0,897.0,898.0,899.0,900.0,901.0,902.0,903.0,904.0,905.0,906.0,907.0,908.0,909.0,910.0,911.0,912.0,913.0,914.0,915.0,916.0,917.0,918.0,919.0,920.0,921.0,922.0,923.0,924.0,925.0,926.0,927.0,928.0,929.0,930.0,931.0,932.0,933.0,934.0,935.0,936.0,937.0,938.0,939.0,940.0,941.0,942.0,943.0,944.0,945.0,946.0,947.0,948.0,949.0,950.0,951.0,952.0,953.0,954.0,955.0,956.0,957.0,958.0,959.0,960.0,961.0,962.0,963.0,964.0,965.0,966.0,967.0,968.0,969.0,970.0,971.0,972.0,973.0,974.0,975.0,976.0,977.0,978.0,979.0,980.0,981.0,982.0,983.0,984.0,985.0,986.0,987.0,988.0,989.0,990.0,991.0,992.0,993.0,994.0,995.0,996.0,997.0,998.0,999.0,1000.0,
-20.0,164.156264110619,164.13944824723967,164.11142912778885,164.07221772852793,164.02182941020249,163.96028391202503,163.8876053439421,163.8038221771896,163.70896723313928,163.60307767044128,163.48619497046758,163.35836492106188,163.2196375986028,163.07006734838654,162.909712763338,162.73863666105706,162.5569060592105,162.36459214927837,162.1617702686653,161.94851987118759,161.72492449594802,161.49107173460987,161.24705319708383,160.9929644756403,160.72890510746214,160.45497853565166,160.17129206870763,159.87795683848813,159.5750877566755,159.26280346976057,158.941226312564,158.61048226031247,158.27070087928905,157.92201527607654,157.56456204541414,157.19848121668753,156.8239161990735,156.44101372536065,156.04992379446787,155.65079961268364,155.2437975336487,154.82907699710557,154.4068004664397,153.97713336503546,153.540244011473,153.09630355359081,152.64548590143997,152.18796765915624,151.72392805577692,151.2535488750293,150.77701438411833,150.29451126154146,149.80622852395894,149.312357452148,148.81309151607016,148.30862629908106,147.7991594213121,147.2848904622546,146.76602088257587,146.24275394519898,145.71529463567583,145.183849581886,144.64862697309178,144.10983647838182,143.56768916453504,143.02239741333673,142.47417483837992,141.92323620138396,141.36979732806324,140.81407502357942,140.2562869876096,139.69665172906437,139.13538848048873,138.57271711217942,138.0088580460526,137.44403216929538,135.87846074783505,134.31236533965992,132.74596770802586,131.17948973458226,129.61315333245182,128.04718035929778,126.48179253041309,124.91721133186516,123.3536579337306,121.79135310345353,120.2305171193619,118.67136968437507,117.11412983993708,115.55901588020899,114.00624526655386,112.456034542348,110.90859924815193,109.36415383727423,107.82291159176094,106.28508453884433,106.75088336788275,107.22051734782494,107.69419424523056,108.1721202428794,108.65449985900082,109.14153586715555,109.63342921680074,110.13037895456964,110.63258214629673,111.1402337998188,111.65352678858216,112.17265177608608,112.697797141192,113.22914890432745,113.76689065461431,114.31120347794906,114.86226588606398,115.4202537465966,115.98534021419496,116.55769566268577,116.13748761833176,115.72488069420467,115.32003652569949,114.923113707215,114.53426773002573,114.15365092136967,113.78141238477508,113.41769794165057,113.06265007416073,112.71640786940982,112.37910696495565,112.05087949567458,111.7318540419988,111.42215557954599,111.12190543016116,110.83122121438979,110.55021680540088,110.27900228437821,110.01768389739684,109.76636401380203,109.52514108610698,109.29410961142484,109.07336009445021,108.94238335803736,109.07376621000958,109.21778306394458,109.37435025775244,109.54337683861556,109.7247646158249,109.91840821782068,110.12419515340488,110.34200587708932,110.57171385854193,110.81318565609062,111.06628099424204,111.33085284517021,111.60674751412776,111.89380472873012,112.19185773206068,112.5007333795431,112.82025223952414,113.15022869750896,113.490471063988,113.84078168579306,114.20095706091767,114.57078795673527,113.95005953154632,113.33855145938392,112.73603805800528,112.14228841999471,111.55706654690216,110.98013148633908,110.41123747195215,109.85013406619366,109.29656630580531,108.75027484993115,108.21099613077352,107.67846250670459,107.15240241774436,106.63254054331492,106.1185979621794,105.61029231447247,105.10733796572853,104.60944617281206,104.11632525165405,103.62768074669658,103.14321560194773,102.66263033354682,102.18562320374035,101.71189039616698,101.2411261923502,100.773023149296,100.30727227809214,99.84356322340575,99.38158444377436,98.92102339258636,98.46156669964512,98.00290035321149,97.54470988241943,97.0866805399576,96.6284974849124,96.16984596566454,95.7104115027345,95.24988007146939,94.78793828446581,94.32427357362238,93.85857437171654,93.3905302933997,92.91983231550594,92.44617295656931,91.96924645544564,91.4887489489349,91.00437864830107,90.51583601458671,90.02282393262098,89.52504788361927,89.0222161162747,88.51403981624199,88.000233273915,87.48051405040096,86.95460314159436,86.42222514025573,85.88310839600098,85.33698517310796,84.78359180604934,84.2226688526608,83.6539612448559,83.07721843679982,82.49219455045622,81.89864851842225,81.29634422396941,80.68505063820783,80.06454195429555,79.43459771861384,78.7950029588329,78.14554830879314,77.48603013013013,76.81625063057189,76.13601797883999,75.44514641608808,74.74345636381264,74.03077452817348,73.30693400066343,72.57177435506853,71.82514174066273,71.06688897158261,70.29687561233041,69.51496805935557,68.72103961866773,67.91497057943545,67.09664828352854,66.2659671909633,65.42282894121271,64.56714241034581,63.69882376396336,62.8177965058988,61.92399152265625,61.01734712356003,60.09780907659166,59.16533063989445,58.21987258892662,57.2614032392477,56.28989846492442,55.30534171254607,54.307724010840644,53.297043975886396,52.273307811915856,51.23652930771152,50.18672982859593,49.12393830401993,48.048191210757096,46.95953255171372,45.85801383036667,44.74369402084406,43.89510943417403,43.3421535757885,42.78222421339467,42.21514895291199,41.64075819960715,41.05888522453145,40.469366229835515,39.872040412935746,39.26675002950742,38.65334045527973,38.03166024660865,37.401561199803695,36.7628984091854,36.11553032385112,35.45931880312642,34.79412917068038,34.119830267284215,33.436294502191544,32.743397903121235,32.0410201648225,31.329044696203397,30.6073586660045,29.87585304699971,29.134422658706626,28.382966208590233,27.621386331743395,26.84958962902877,26.067486703667214,25.274992196258097,24.472024818218358,23.658507383626414,22.834366839459307,21.99953429421052,21.1539450448777,20.297538602309544,19.430258714901896,18.55205339063383,17.662874917435232,16.76267988187746,15.851429186180269,14.929088063528013,13.99562609168936,15.051017204934823,16.09523970424786,17.12827626582535,18.150113947863872,19.160744195629746,20.160162844810145,21.14837012314456,22.125370650335412,23.091173436238478,24.045791877333272,24.9892437514751,25.921551210930716,26.842740773700427,27.752843313129773,28.651894045815197,29.539932517808296,30.417002589123854,31.283152416558096,32.138434434823665,32.9829053360088,33.81662604736857,34.63966170745718,35.4520816406104,36.25395932978856,37.0453723877898,37.826402526846266,38.59713552661381,39.35766120056857,40.108073360823255,40.84846978137699,41.57895215981327,41.29962607746057,41.010600958031915,40.711990024758876,40.40391025603739,40.08648233960241,39.75983062524941,39.42408307612149,39.07937121858075,38.72583009068393,38.36359818928236,37.992817415767036,37.61363302047971,37.22619354581249,36.83065076801742,36.427159637749384,36.015878219365476,35.59696762900461,35.17059197147154,34.7369182759501,34.29611643057103,35.84835911585955,37.39382173708927,38.93268235556846,40.4651216188862,41.99132269014498,43.51147117620812,45.02575505498973,46.53436460181615,48.03749231488672,49.535332839864594,50.028082893625594,50.51594118719615,50.99910834790981,51.47778684081311,51.95218088935158,52.42249639536686,52.88894085843634,53.35172329458692,53.81105415441456,54.26714524064221,53.72020962514759,53.17046156549415,52.618116420997296,52.06339056835944,51.50650131690574,50.947666823455336,50.387106006859966,49.825038462244436,49.261684374981854,48.69726443443804,50.13199974751802,51.56611175204938,52.99982213003577,54.433352720814725,55.8669254341539,57.30076216331989,58.735084698153145,60.17011463818375,61.606073305821525,63.043181659655005,64.48166020789236,65.92172892197934,67.36360715042719,68.80751353288468,70.25366591448787,71.70228126052089,73.15357557142164,74.60776379816556,76.06505975806,77.5256760509833,77.98982397610038,78.45771344908809,78.92955291990255,79.40554929112028,79.88590783688618,80.37083212249868,79.86052392466512,79.35518315245693,78.85500776899721,78.36019371391012,77.87093482656324,77.38742277013245,76.90984695651963,76.82085320766839,77.50557115570116,78.18628070542512,78.86251441985347,79.53380793551415,80.19970028132437,80.8597341951348,81.51345643772764,82.1604181040516,82.80017493148092,83.43228760488647,84.0563220583094,84.67184977303016,87.2784480718284,89.87570040923168,92.46319665755314,95.0405333885227,97.60731415031731,100.16314973980087,102.70765846978657,105.24046643113755,107.76120774952747,110.2695248366825,112.76506863593423,115.24749886191353,117.71648423422147,120.17170270491641,122.61284167966153,125.03959823238023,127.45167931327293,129.84880195005158,132.23069344225408,134.5970915485052,135.94774466659544,137.2824120062537,138.60086375449615,138.90288123343606,139.18825705044864,139.45679524058505,139.70831140114012,139.9426328182797,140.15959858564182,140.35905971482964,140.54087923772033,140.7049323005198,140.85110624949874,140.97930070835088,141.08942764712035,141.1814114426512,141.25518893051716,141.63178311909064,142.1038477384746,142.56935856634271,143.02804517872963,142.4796411159845,141.92388403756254,141.3605158744238,140.78928297894993,140.20993627229308,139.6222313890703,139.02592881932028,138.42079404763874,137.80659768941328,137.18311562407678,136.5501291253035,135.90742498807128,135.25479565251624,134.59203932450828,133.91896009287694,133.23536804322015,132.54107936822874,131.8359164744637,131.1197080855236,130.39228934154212,131.65350189495842,132.90319400250397,134.14122061335325,135.3674434533865,136.5817311055155,137.78395908602658,138.97400991689526,140.15177319403153,141.31714565141573,142.4700312210876,143.610341088954,144.7379937463827,145.85291503755232,146.95503820253066,148.04430391605703,149.12066032200522,150.18406306350778,151.23447530872375,152.27186777223494,153.29621873205843,153.3075140422652,152.30574714119786,151.29091905528233,149.26303839843166,147.222121367042,145.16819173058389,143.10128081779396,141.02142749847567,138.92867816091893,136.8230866849525,134.70471441064393,132.5736301026662,130.4299099103508,128.2736373234514,126.10490312364291,123.92380533178476,121.73044915097876,119.52494690545461,117.30741797531869,115.07798872720389,112.8367924408609,112.58396923173348,112.31966596956272,114.04403619306774,115.7572400207521,117.45944405788813,119.15082129973246,120.83155103103022,122.50181872186491,124.16181591991545,125.81174013918258,127.45179474524903,129.0821888371412,130.70313712585886,132.3148598096462,133.91758244607396,135.51153582100937,137.0969558145479,138.67408326398615,140.24316382391515,141.8044478235148,142.3581901211331,142.90464995623404,142.44409079880054,141.97678019628006,141.50298961816077,141.98048815214273,142.5311551474247,143.0790837590965,143.62405934059655,144.16586840218866,144.70429869459508,145.2391392921433,145.77018067539436,146.29721481322068,146.82003524430016,147.33843715799605,147.85221747458976,148.3611749248356,148.86511012880635,149.3638256739988,149.85712619266857,150.34481843836355,150.826711361627,151.30261618483925,151.77234647616993,152.23571822261135,152.69254990206358,153.1426625544449,153.58587985179733,154.02202816736204,154.45093664359618,154.87243725910474,155.28636489446177,155.6925573968945,156.09085564380536,156.48110360510682,156.86314840434525,157.23684037858857,157.6020331370559,157.95858361846473,158.30635214707394,158.6452024874009,158.97500189759035,159.29562118141513,159.60693473888753,159.90882061546233,160.20116054981125,160.48384002015098,160.7567482891062,161.0197784470899,161.27282745418452,161.5157961805068,161.7485894450413,161.9711160529266,162.1832888311802,162.38502466284797,162.57624451956434,162.75687349251118,162.92684082176245,163.08607992400428,163.23452841861797,163.37212815211734,163.49882522092986,233.61456999251286,232.71931712479676,231.81302558394742,230.89565866044077,229.96718398344353,229.02757353349418,228.07680365347937,227.1148550579014,226.14171284043312,225.15736647975748,224.161809843689,225.15504119157617,226.13706317498315,227.10788283665124,228.06751160773985,229.01596530334834,229.95326411632078,230.87943260933545,231.79449970528265,232.69849867593427,233.59146712891007,163.47344699294504,163.3444845014642,163.204630174471,163.05393879875663,162.8924694064376,162.7202852518305,162.5374537866726,162.3440466336981,162.14013955858067,161.92581244025283,161.70114923961378,161.46623796663886,161.22117064590188,160.96604328052564,160.7009558145732,160.42601209389582,160.14131982545206,159.84699053511446,159.54313952398036,159.22988582320335,158.90735214736412,158.57566484639764,158.23495385609704,157.8853526472119,156.52699817316247,155.16003081638922,153.78459433335908,152.40083579825003,151.0089055453361,149.60895711009508,148.20114716906212,146.7856354784533,145.3625848115821,143.9321608950944,142.49453234404655,141.04987059585162,139.59834984312022,138.1401469654221,136.6754414599949,135.2044153714275,133.72725322034574,132.24414193112793,130.7552707586785,129.26083121428934,129.7610169906164,130.2560238858025,130.74604972677488,131.23129429174804,131.7119592319624,132.18824799268896,132.66036573353128,133.12851924805597,133.59291688278302,134.05376845556754,134.51128517340547,134.96567954969518,135.41716532098647,135.86595736325177,136.31227160770965,136.75632495623583,137.1983351963936,137.9950583604226,139.207933511512,140.40327083327807,140.5809361893786,140.74080757864763,140.8827752188726,141.00674162218078,141.11262166198316,141.20034263143026,141.26984429333922,141.32107892155804,141.35401133373875,141.36861891549682,141.36489163594018,141.34283205455748,140.3024553194603,139.2437891569813,138.16687385263464,137.0717622234524,135.9585195817155,134.82722369010452,133.67796470830052,132.5108451310736,131.3259797179002,130.12349541415935,128.9035312639599,127.66623831466083,196.84148293696316,195.33528926977743,193.82356919984042,192.30603907618843,190.78241862302673,189.2524311025473,187.71580347569088,186.17226656076033,186.6215551897936,187.06340836260475,187.49756939840321,189.92378608490557,192.34181082484957,194.7514007798282,197.15231801135928,199.54432961910823,201.92720787618418,204.30073036143085,206.66468008863524,209.018845632579,211.363021251859,142.6970070084068,144.0206088836362,145.3336388911523,146.63591518595615,147.92726217008226,149.20751059460656,150.47649765796615,150.73406710053408,150.98006929539326,151.2143613352576,151.43680711548953,151.64727741316577,151.8456499621454,152.03180952409627,152.20564795543956,152.36706427017202,152.51596469853087,152.65226274146625,152.77587922089015,152.8867423256727,152.98478765335827,153.06995824757823,153.142204631138,153.2014848347591,153.24776442146015,153.2810165065617,153.30122177330435,153.30836848406983,153.3024524871999,153.28347721940807,153.25145370378306,153.20640054338534,153.14834391044027,153.07731753113416,152.99336266602202,152.89652808605874,152.7868700442668,152.6644522430582,152.52934579722825,152.38162919264371,152.2213882406491,152.04871602821694,151.863712863872,151.66648621942022,151.45715066751615,151.23582781510578,151.0026462327824,150.75774138009814,150.50125552687234,150.2333376705447,149.95414344961995,149.66383505325416,149.36258112703646,149.05055667501915,148.7279429580552,148.39492738849975,148.0517034213393,147.69847044180983,147.33543364957004,146.9628039394975,146.5807977791753,146.18963708314237,145.78954908397887,145.38076620030296,144.96352590175397,144.53807057104203,144.10464736314364,143.66350806172437,143.2149089328731,142.75911057623236,142.29637777361117,141.82697933516795,141.35118794325405,140.86927999400737,140.38153543678854,139.88823761155308,139.3896730842542,138.88613148037092,138.3779053166592,137.86528983122415,137.34858281200934,136.82808442380767,136.30409703388912,135.77692503635012,135.2468746752854,134.71425386688492,134.1793720205599,133.6425398592007,133.1040692386722,132.56427296665115,132.02346462090986,131.48195836715337,130.9400687765144,130.3981106428136,129.8563987996892,129.31524793770473,128.77497242153942,128.23588610736752,127.6983021605336,127.16253287362885,126.62888948507465,126.10065855274873,126.6372603850359,127.17735013726465,127.72071623368277,128.26714581505667,128.8164248220576,129.36833807911773,129.92266937872316,130.4792015661114,131.03771662434053,131.59799575969478,132.15981948739565,132.72296771758343,133.2872198415351,133.85235481808627,134.41815126022254,134.98438752180536,135.55084178440092,136.11729214417485,136.68351669882216,137.24929363449482,137.81440131269585,138.37861835710487,138.94172374029932,139.50349687034156,140.06371767719276,140.62216669892413,141.17862516768952,141.7328750954253,142.28469935924585,142.83388178649983,143.3802072394535,143.92346169956957,144.46343235134734,144.99990766569084,145.53267748277446,146.06153309437047,146.58626732560955,147.10667461613932,147.62255110065095,148.13369468874228,148.6399051440843,149.1409841628629,149.63673545146187,150.12696480336032,150.61148017521063,151.09009176207024,151.56261207175655,152.02885599829463,152.48864089443157,152.94178664318707,153.38811572841246,153.82745330433133,154.25962726403415,154.68446830689948,155.1018100049161,155.5114888678802,155.9133444074407,156.30721919996998,156.6929589482327,157.07041254183068,157.43943211639944,157.79987311153235,158.15159432741143,158.49445798012113,158.8283297556236,159.15307886237588,159.46857808256604,159.7747038219494,160.07133615826606,160.3583588882194,160.63565957299753,160.90312958232033,161.16066413699482,161.408162349961,161.64552726581405,161.8726658987854,162.08948926916946,162.29591243818058,162.49185454122699,162.67723881958904,162.85199265048877,163.01604757553926,163.16933932756248,163.31180785576578,163.44339734926604,163.56405625895306,163.67373731768384,163.77239755879884,163.85999833295378,163.93650532326035,164.00188855872955,164.05612242601254,164.0991856794344,164.13106144931714,164.151737248588,164.16120497767142,164.15946092766177,164.14650578177645,164.12234461508805,164.0869868925365,164.04044646522098,163.98274156497408,163.91389479721946,163.83393313211653,163.74288789399492,163.64079474908357,163.52769369153884,163.40362902777684,163.268649359117,163.12280756274293,162.96616077098804,162.79877034895438,162.6207018704737,162.43202509241908,162.2328139273784,162.02314641469965,161.80310468991968,161.57277495258828,161.33224743250008,161.08161635434809,160.82097990081147,160.55044017409372,160.27010315592474,159.9800786660433,159.68048031917627,159.37142548053083,159.05303521981756,158.72543426382236,158.3887509475462,158.04311716393022,157.68866831218804,157.3255432447647,156.9538842129415,156.57383681111068,156.1855499197402,155.7891756470507,155.38486926942832,154.97278917059668,154.55309677957132,154.12595650742088,153.69153568286083,153.2500044867037,152.8015358851917,0.0,